1:  2(2820,2820,0) 6(1831,1831,0)
2:  3(265,265,0) 7(3203,2555,648) 1(0,0,2820)
3:  4(8266,265,8001) 8(1753,0,1753) 2(0,0,265)
4:  5(9646,265,9381) 9(521,0,521) 3(0,0,265)
5:  10(5375,265,5110) 4(0,0,265)
6:  7(1820,1820,0) 11(1096,11,1085) 1(0,0,1831)
7:  8(5390,4375,1015) 12(7169,0,7169) 2(0,0,2555) 6(0,0,1820)
8:  9(989,989,0) 13(9923,3386,6537) 3(0,0,0) 7(0,0,4375)
9:  10(5277,989,4288) 14(7993,0,7993) 4(0,0,0) 8(0,0,989)
10:  15(2447,1254,1193) 5(0,0,265) 9(0,0,989)
11:  12(4280,11,4269) 16(3858,0,3858) 6(0,0,11)
12:  13(7446,11,7435) 17(9429,0,9429) 7(0,0,0) 11(0,0,11)
13:  14(6270,3397,2873) 18(418,0,418) 8(0,0,3386) 12(0,0,11)
14:  15(3369,3369,0) 19(639,28,611) 9(0,0,0) 13(0,0,3397)
15:  20(7173,4623,2550) 10(0,0,1254) 14(0,0,3369)
16:  17(6207,0,6207) 21(6496,0,6496) 11(0,0,0)
17:  18(6763,0,6763) 22(8371,0,8371) 12(0,0,0) 16(0,0,0)
18:  19(2338,0,2338) 23(4016,0,4016) 13(0,0,0) 17(0,0,0)
19:  20(1934,28,1906) 24(4696,0,4696) 14(0,0,28) 18(0,0,0)
20:  25(7827,4651,3176) 15(0,0,4623) 19(0,0,28)
21:  22(8844,0,8844) 16(0,0,0)
22:  23(625,0,625) 17(0,0,0) 21(0,0,0)
23:  24(8460,0,8460) 18(0,0,0) 22(0,0,0)
24:  25(7422,0,7422) 19(0,0,0) 23(0,0,0)
25:  20(0,0,4651) 24(0,0,0)
total flow = 4651
