1:  2(7241,7241,0) 3(2084,2084,0) 4(4404,4404,0) 5(2234,2234,0) 6(2541,2541,0) 7(2925,2925,0) 8(6536,6536,0) 9(6641,6641,0) 10(295,295,0) 11(1222,1222,0) 12(6790,6790,0) 13(5485,5485,0) 14(9881,9881,0) 15(5691,5691,0)
2:  1(7241,0,14482) 3(2004,0,2004) 4(639,0,639) 5(1157,1157,0) 6(1756,1416,340) 7(9325,3753,5572) 8(9100,0,9100) 9(6411,0,6411) 10(34,0,34) 11(6205,0,6205) 12(9284,0,9284) 13(5549,0,5549) 14(8094,0,8094) 15(915,915,0)
3:  1(2084,0,4168) 2(2004,0,2004) 4(15,0,15) 5(4870,1569,3301) 6(3458,0,3458) 7(2031,0,2031) 8(1348,0,1348) 9(6705,0,6705) 10(567,0,567) 11(8404,0,8404) 12(3875,0,3875) 13(8387,0,8387) 14(5868,0,5868) 15(515,515,0)
4:  1(4404,0,8808) 2(639,0,639) 3(15,0,15) 5(5800,2397,3403) 6(6465,0,6465) 7(668,668,0) 8(4410,0,4410) 9(1139,452,687) 10(3945,0,3945) 11(7113,0,7113) 12(6113,0,6113) 13(6581,0,6581) 14(561,0,561) 15(887,887,0)
5:  1(2234,0,4468) 2(1157,0,2314) 3(4870,0,6439) 4(5800,0,8197) 6(4347,0,4347) 7(4423,0,4423) 8(8819,0,8819) 9(878,0,878) 10(11,0,11) 11(6104,0,6104) 12(2589,0,2589) 13(118,0,118) 14(9064,0,9064) 15(7357,7357,0)
6:  1(2541,0,5082) 2(1756,0,3172) 3(3458,0,3458) 4(6465,0,6465) 5(4347,0,4347) 7(4541,0,4541) 8(741,0,741) 9(3895,0,3895) 10(9383,0,9383) 11(1174,0,1174) 12(6286,0,6286) 13(7241,0,7241) 14(5096,0,5096) 15(3957,3957,0)
7:  1(2925,0,5850) 2(9325,0,13078) 3(2031,0,2031) 4(668,0,1336) 5(4423,0,4423) 6(4541,0,4541) 8(478,0,956) 9(7371,0,7371) 10(2187,0,2187) 11(1220,0,1220) 12(9731,0,10197) 13(4240,0,4240) 14(2325,0,2325) 15(8290,8290,0)
8:  1(6536,0,13072) 2(9100,0,9100) 3(1348,0,1348) 4(4410,0,4410) 5(8819,0,8819) 6(741,0,741) 7(478,478,0) 9(4637,211,4426) 10(4178,0,4178) 11(5877,0,5877) 12(8381,0,8381) 13(8267,0,8267) 14(1861,0,1861) 15(5847,5847,0)
9:  1(6641,0,13282) 2(6411,0,6411) 3(6705,0,6705) 4(1139,0,1591) 5(878,0,878) 6(3895,0,3895) 7(7371,0,7371) 8(4637,0,4848) 10(8646,0,8646) 11(6029,0,6029) 12(5283,0,5599) 13(5652,0,5652) 14(6612,0,8249) 15(9257,9257,0)
10:  1(295,0,590) 2(34,0,34) 3(567,0,567) 4(3945,0,3945) 5(11,0,11) 6(9383,0,9383) 7(2187,0,2187) 8(4178,0,4178) 9(8646,0,8646) 11(9533,0,9533) 12(705,0,705) 13(5464,0,5464) 14(4538,0,5151) 15(908,908,0)
11:  1(1222,0,2444) 2(6205,0,6205) 3(8404,0,8404) 4(7113,0,7113) 5(6104,0,6104) 6(1174,0,1174) 7(1220,0,1220) 8(5877,0,5877) 9(6029,0,6029) 10(9533,0,9533) 12(239,0,239) 13(1403,0,1403) 14(8094,0,8472) 15(5527,1600,3927)
12:  1(6790,0,13580) 2(9284,0,9284) 3(3875,0,3875) 4(6113,0,6113) 5(2589,0,2589) 6(6286,0,6286) 7(9731,466,9265) 8(8381,0,8381) 9(5283,316,4967) 10(705,0,705) 11(239,0,239) 13(6015,0,6015) 14(6723,0,6723) 15(6008,6008,0)
13:  1(5485,0,10970) 2(5549,0,5549) 3(8387,0,8387) 4(6581,0,6581) 5(118,0,118) 6(7241,0,7241) 7(4240,0,4240) 8(8267,0,8267) 9(5652,0,5652) 10(5464,0,5464) 11(1403,0,1403) 12(6015,0,6015) 14(3589,0,3589) 15(8179,5485,2694)
14:  1(9881,0,19762) 2(8094,0,8094) 3(5868,0,5868) 4(561,0,561) 5(9064,0,9064) 6(5096,0,5096) 7(2325,0,2325) 8(1861,0,1861) 9(6612,1637,4975) 10(4538,613,3925) 11(8094,378,7716) 12(6723,0,6723) 13(3589,0,3589) 15(7253,7253,0)
15:  1(5691,0,11382) 2(915,0,1830) 3(515,0,1030) 4(887,0,1774) 5(7357,0,14714) 6(3957,0,7914) 7(8290,0,16580) 8(5847,0,11694) 9(9257,0,18514) 10(908,0,1816) 11(5527,0,7127) 12(6008,0,12016) 13(8179,0,13664) 14(7253,0,14506)
total flow = 63970
